0000 1
0001 1
0002 1
0003 1
0004 1
0005 1
0006 1
0007 1
0008 1
0009 1
0010 1
0011 1
0012 1
0013 1
0014 1
0015 1
0016 1
0017 1
0018 1
0019 1
0020 1
0021 1
0022 1
0023 1
0024 1
0025 1
0026 1
0027 1
0028 1
0029 1
0030 1
0031 1
0032 1
0033 1
0034 1
0035 1
0036 1
0037 1
0038 1
0039 1
0040 1
0041 1
0042 1
0043 1
0044 1
0045 1
0046 1
0047 1
0048 1
0049 1
0050 1
0051 1
0052 1
0053 1
0054 1
0055 1
0056 1
0057 1
0058 1
0059 1
0060 1
0061 1
0062 1
0063 1
0064 1
0065 1
0066 1
0067 1
0068 1
0069 1
0070 1
0071 1
0072 1
0073 1
0074 1
0075 1
0076 1
0077 1
0078 1
0079 1
0080 1
0081 1
0082 1
0083 1
0084 1
0085 1
0086 1
0087 1
0088 1
0089 1
0090 1
0091 1
0092 1
0093 1
0094 1
0095 1
0096 1
0097 1
0098 1
0099 1
0100 2
0101 2
0102 2
0103 2
0104 2
0105 2
0106 2
0107 2
0108 2
0109 2
0110 2
0111 2
0112 2
0113 2
0114 2
0115 2
0116 2
0117 2
0118 2
0119 2
0120 2
0121 2
0122 2
0123 2
0124 2
0125 2
0126 2
0127 2
0128 2
0129 2
0130 2
0131 2
0132 2
0133 2
0134 2
0135 2
0136 2
0137 2
0138 2
0139 2
0140 2
0141 2
0142 2
0143 2
0144 2
0145 2
0146 2
0147 2
0148 2
0149 2
0150 2
0151 2
0152 2
0153 2
0154 2
0155 2
0156 2
0157 2
0158 2
0159 2
0160 2
0161 2
0162 2
0163 2
0164 2
0165 2
0166 2
0167 2
0168 2
0169 2
0170 2
0171 2
0172 2
0173 2
0174 2
0175 2
0176 2
0177 2
0178 2
0179 2
0180 2
0181 2
0182 2
0183 2
0184 2
0185 2
0186 2
0187 2
0188 2
0189 2
0190 2
0191 2
0192 2
0193 2
0194 2
0195 2
0196 2
0197 2
0198 2
0199 2
0200 3
0201 3
0202 3
0203 3
0204 3
0205 3
0206 3
0207 3
0208 3
0209 3
0210 3
0211 3
0212 3
0213 3
0214 3
0215 3
0216 3
0217 3
0218 3
0219 3
0220 3
0221 3
0222 3
0223 3
0224 3
0225 3
0226 3
0227 3
0228 3
0229 3
0230 3
0231 3
0232 3
0233 3
0234 3
0235 3
0236 3
0237 3
0238 3
0239 3
0240 3
0241 3
0242 3
0243 3
0244 3
0245 3
0246 3
0247 3
0248 3
0249 3
0250 3
0251 3
0252 3
0253 3
0254 3
0255 3
0256 3
0257 3
0258 3
0259 3
0260 3
0261 3
0262 3
0263 3
0264 3
0265 3
0266 3
0267 3
0268 3
0269 3
0270 3
0271 3
0272 3
0273 3
0274 3
0275 3
0276 3
0277 3
0278 3
0279 3
0280 3
0281 3
0282 3
0283 3
0284 3
0285 3
0286 3
0287 3
0288 3
0289 3
0290 3
0291 3
0292 3
0293 3
0294 3
0295 3
0296 3
0297 3
0298 3
0299 3
0300 4
0301 4
0302 4
0303 4
0304 4
0305 4
0306 4
0307 4
0308 4
0309 4
0310 4
0311 4
0312 4
0313 4
0314 4
0315 4
0316 4
0317 4
0318 4
0319 4
0320 4
0321 4
0322 4
0323 4
0324 4
0325 4
0326 4
0327 4
0328 4
0329 4
0330 4
0331 4
0332 4
0333 4
0334 4
0335 4
0336 4
0337 4
0338 4
0339 4
0340 4
0341 4
0342 4
0343 4
0344 4
0345 4
0346 4
0347 4
0348 4
0349 4
0350 4
0351 4
0352 4
0353 4
0354 4
0355 4
0356 4
0357 4
0358 4
0359 4
0360 4
0361 4
0362 4
0363 4
0364 4
0365 4
0366 4
0367 4
0368 4
0369 4
0370 4
0371 4
0372 4
0373 4
0374 4
0375 4
0376 4
0377 4
0378 4
0379 4
0380 4
0381 4
0382 4
0383 4
0384 4
0385 4
0386 4
0387 4
0388 4
0389 4
0390 4
0391 4
0392 4
0393 4
0394 4
0395 4
0396 4
0397 4
0398 4
0399 4
0400 5
0401 5
0402 5
0403 5
0404 5
0405 5
0406 5
0407 5
0408 5
0409 5
0410 5
0411 5
0412 5
0413 5
0414 5
0415 5
0416 5
0417 5
0418 5
0419 5
0420 5
0421 5
0422 5
0423 5
0424 5
0425 5
0426 5
0427 5
0428 5
0429 5
0430 5
0431 5
0432 5
0433 5
0434 5
0435 5
0436 5
0437 5
0438 5
0439 5
0440 5
0441 5
0442 5
0443 5
0444 5
0445 5
0446 5
0447 5
0448 5
0449 5
0450 5
0451 5
0452 5
0453 5
0454 5
0455 5
0456 5
0457 5
0458 5
0459 5
0460 5
0461 5
0462 5
0463 5
0464 5
0465 5
0466 5
0467 5
0468 5
0469 5
0470 5
0471 5
0472 5
0473 5
0474 5
0475 5
0476 5
0477 5
0478 5
0479 5
0480 5
0481 5
0482 5
0483 5
0484 5
0485 5
0486 5
0487 5
0488 5
0489 5
0490 5
0491 5
0492 5
0493 5
0494 5
0495 5
0496 5
0497 5
0498 5
0499 5
0500 6
0501 6
0502 6
0503 6
0504 6
0505 6
0506 6
0507 6
0508 6
0509 6
0510 6
0511 6
0512 6
0513 6
0514 6
0515 6
0516 6
0517 6
0518 6
0519 6
0520 6
0521 6
0522 6
0523 6
0524 6
0525 6
0526 6
0527 6
0528 6
0529 6
0530 6
0531 6
0532 6
0533 6
0534 6
0535 6
0536 6
0537 6
0538 6
0539 6
0540 6
0541 6
0542 6
0543 6
0544 6
0545 6
0546 6
0547 6
0548 6
0549 6
0550 6
0551 6
0552 6
0553 6
0554 6
0555 6
0556 6
0557 6
0558 6
0559 6
0560 6
0561 6
0562 6
0563 6
0564 6
0565 6
0566 6
0567 6
0568 6
0569 6
0570 6
0571 6
0572 6
0573 6
0574 6
0575 6
0576 6
0577 6
0578 6
0579 6
0580 6
0581 6
0582 6
0583 6
0584 6
0585 6
0586 6
0587 6
0588 6
0589 6
0590 6
0591 6
0592 6
0593 6
0594 6
0595 6
0596 6
0597 6
0598 6
0599 6
0600 7
0601 7
0602 7
0603 7
0604 7
0605 7
0606 7
0607 7
0608 7
0609 7
0610 7
0611 7
0612 7
0613 7
0614 7
0615 7
0616 7
0617 7
0618 7
0619 7
0620 7
0621 7
0622 7
0623 7
0624 7
0625 7
0626 7
0627 7
0628 7
0629 7
0630 7
0631 7
0632 7
0633 7
0634 7
0635 7
0636 7
0637 7
0638 7
0639 7
0640 7
0641 7
0642 7
0643 7
0644 7
0645 7
0646 7
0647 7
0648 7
0649 7
0650 7
0651 7
0652 7
0653 7
0654 7
0655 7
0656 7
0657 7
0658 7
0659 7
0660 7
0661 7
0662 7
0663 7
0664 7
0665 7
0666 7
0667 7
0668 7
0669 7
0670 7
0671 7
0672 7
0673 7
0674 7
0675 7
0676 7
0677 7
0678 7
0679 7
0680 7
0681 7
0682 7
0683 7
0684 7
0685 7
0686 7
0687 7
0688 7
0689 7
0690 7
0691 7
0692 7
0693 7
0694 7
0695 7
0696 7
0697 7
0698 7
0699 7
0700 8
0701 8
0702 8
0703 8
0704 8
0705 8
0706 8
0707 8
0708 8
0709 8
0710 8
0711 8
0712 8
0713 8
0714 8
0715 8
0716 8
0717 8
0718 8
0719 8
0720 8
0721 8
0722 8
0723 8
0724 8
0725 8
0726 8
0727 8
0728 8
0729 8
0730 8
0731 8
0732 8
0733 8
0734 8
0735 8
0736 8
0737 8
0738 8
0739 8
0740 8
0741 8
0742 8
0743 8
0744 8
0745 8
0746 8
0747 8
0748 8
0749 8
0750 8
0751 8
0752 8
0753 8
0754 8
0755 8
0756 8
0757 8
0758 8
0759 8
0760 8
0761 8
0762 8
0763 8
0764 8
0765 8
0766 8
0767 8
0768 8
0769 8
0770 8
0771 8
0772 8
0773 8
0774 8
0775 8
0776 8
0777 8
0778 8
0779 8
0780 8
0781 8
0782 8
0783 8
0784 8
0785 8
0786 8
0787 8
0788 8
0789 8
0790 8
0791 8
0792 8
0793 8
0794 8
0795 8
0796 8
0797 8
0798 8
0799 8
0800 9
0801 9
0802 9
0803 9
0804 9
0805 9
0806 9
0807 9
0808 9
0809 9
0810 9
0811 9
0812 9
0813 9
0814 9
0815 9
0816 9
0817 9
0818 9
0819 9
0820 9
0821 9
0822 9
0823 9
0824 9
0825 9
0826 9
0827 9
0828 9
0829 9
0830 9
0831 9
0832 9
0833 9
0834 9
0835 9
0836 9
0837 9
0838 9
0839 9
0840 9
0841 9
0842 9
0843 9
0844 9
0845 9
0846 9
0847 9
0848 9
0849 9
0850 9
0851 9
0852 9
0853 9
0854 9
0855 9
0856 9
0857 9
0858 9
0859 9
0860 9
0861 9
0862 9
0863 9
0864 9
0865 9
0866 9
0867 9
0868 9
0869 9
0870 9
0871 9
0872 9
0873 9
0874 9
0875 9
0876 9
0877 9
0878 9
0879 9
0880 9
0881 9
0882 9
0883 9
0884 9
0885 9
0886 9
0887 9
0888 9
0889 9
0890 9
0891 9
0892 9
0893 9
0894 9
0895 9
0896 9
0897 9
0898 9
0899 9
0900 10
0901 10
0902 10
0903 10
0904 10
0905 10
0906 10
0907 10
0908 10
0909 10
0910 10
0911 10
0912 10
0913 10
0914 10
0915 10
0916 10
0917 10
0918 10
0919 10
0920 10
0921 10
0922 10
0923 10
0924 10
0925 10
0926 10
0927 10
0928 10
0929 10
0930 10
0931 10
0932 10
0933 10
0934 10
0935 10
0936 10
0937 10
0938 10
0939 10
0940 10
0941 10
0942 10
0943 10
0944 10
0945 10
0946 10
0947 10
0948 10
0949 10
0950 10
0951 10
0952 10
0953 10
0954 10
0955 10
0956 10
0957 10
0958 10
0959 10
0960 10
0961 10
0962 10
0963 10
0964 10
0965 10
0966 10
0967 10
0968 10
0969 10
0970 10
0971 10
0972 10
0973 10
0974 10
0975 10
0976 10
0977 10
0978 10
0979 10
0980 10
0981 10
0982 10
0983 10
0984 10
0985 10
0986 10
0987 10
0988 10
0989 10
0990 10
0991 10
0992 10
0993 10
0994 10
0995 10
0996 10
0997 10
0998 10
0999 10
